ACE 0 1 2 3 4 5 
ALA 0 1 2 3 4 5 6 7 8 9 
ARG 0 1 2 3 4 5 6 7 8 9 10 11 12 13 14 15 16 17 18 19 20 21 22 23 
ASN 0 1 2 3 4 5 6 7 8 9 10 11 12 13 
ASP 0 1 2 3 4 5 6 7 8 9 10 11 
CYS 0 1 2 3 4 5 6 7 8 9 10 
GLN 0 1 2 3 4 5 6 7 8 9 10 11 12 13 14 15 16 
GLU 0 1 2 3 4 5 6 7 8 9 10 11 12 13 14 
GLY 0 1 2 3 4 5 6 
HID 0 1 2 3 4 5 6 7 8 9 10 11 12 13 14 15 16 
ILE 0 1 2 3 4 5 6 7 8 9 10 11 12 13 14 15 16 17 18 
LEU 0 1 2 3 4 5 6 7 8 9 10 11 12 13 14 15 16 17 18 
LYS 0 1 2 3 4 5 6 7 8 9 10 11 12 13 14 15 16 17 18 19 20 21 
MET 0 1 2 3 4 5 6 7 8 9 10 11 12 13 14 15 16 
NME 0 1 2 3 4 5 
PHE 0 1 2 3 4 5 6 7 8 9 10 11 12 13 14 15 16 17 18 19 
PRO 0 1 2 3 4 5 6 7 8 9 10 11 12 13 
SER 0 1 2 3 4 5 6 7 8 9 10 
THR 0 1 2 3 4 5 6 7 8 9 10 11 12 13 
TRP 0 1 2 3 4 5 6 7 8 9 10 11 12 13 14 15 16 17 18 19 20 21 22 23 
TYR 0 1 2 3 4 5 6 7 8 9 10 11 12 13 14 15 16 17 18 19 20 
VAL 0 1 2 3 4 5 6 7 8 9 10 11 12 13 14 15 

