ASN 14
13 28 0 34 1 23 0 33 33 1 23 13 28 28 
-0.415700 0.271900 0.014300 0.104800 0.597300 -0.567900 -0.204100 0.079700 0.079700 0.713000 -0.593100 -0.919100 0.419600 0.419600 
FIRST
1 1 2 
2 2 3 2 4 2 6 
3 5 7 8 9 
+ 10 11 12 13 
LAST 4
1 2 5 
2 2 0 2 3 2 6 
3 1 7 8 9 
+ 10 11 12 13 
BONDS
1 0 
2 0 
3 2 
4 2 
5 4 
6 2 
7 6 
8 6 
9 6 
10 9 
11 9 
12 11 
13 11 
ANGLES
2 0 1 
3 2 0 
4 2 0 
4 2 3 
5 4 2 
6 2 0 
6 2 3 
6 2 4 
7 6 2 
8 6 2 
8 6 7 
9 6 2 
9 6 7 
9 6 8 
10 9 6 
11 9 6 
11 9 10 
12 11 9 
13 11 9 
13 11 12 
DIHEDRALS
0 2 4 5 
0 2 6 7 
0 2 6 8 
0 2 6 9 
1 0 2 3 
1 0 2 4 
1 0 2 6 
2 6 9 10 
2 6 9 11 
3 2 4 5 
3 2 6 7 
3 2 6 8 
3 2 6 9 
4 2 6 7 
4 2 6 8 
4 2 6 9 
6 2 4 5 
6 9 11 12 
6 9 11 13 
7 6 9 10 
7 6 9 11 
8 6 9 10 
8 6 9 11 
10 9 11 12 
10 9 11 13 
IMPROPER DIHEDRALS
6 11 9 10 
9 12 11 13 
12 9 11 13 
RINGS
NON_BONDED
0 10 
0 11 
0 12 
0 13 
1 5 
1 7 
1 8 
1 9 
1 10 
1 11 
1 12 
1 13 
2 12 
2 13 
3 10 
3 11 
3 12 
3 13 
4 10 
4 11 
4 12 
4 13 
7 12 
7 13 
8 12 
8 13 
10 5 
11 5 
7 5 
8 5 
9 5 
5 12 
5 13 
************************************************************
