ASP 12
13 28 0 34 1 23 0 33 33 1 24 24 
-0.516300 0.293600 0.038100 0.088000 0.536600 -0.581900 -0.030300 -0.012200 -0.012200 0.799400 -0.801400 -0.801400 
FIRST
1 1 2 
2 2 3 2 4 2 6 
3 5 7 8 9 
+ 10 11 
LAST 4
1 2 5 
2 2 0 2 3 2 6 
3 1 7 8 9 
+ 10 11 
BONDS
1 0 
2 0 
3 2 
4 2 
5 4 
6 2 
7 6 
8 6 
9 6 
10 9 
11 9 
ANGLES
2 0 1 
3 2 0 
4 2 0 
4 2 3 
5 4 2 
6 2 0 
6 2 3 
6 2 4 
7 6 2 
8 6 2 
8 6 7 
9 6 2 
9 6 7 
9 6 8 
10 9 6 
11 9 6 
11 9 10 
DIHEDRALS
0 2 4 5 
0 2 6 7 
0 2 6 8 
0 2 6 9 
1 0 2 3 
1 0 2 4 
1 0 2 6 
2 6 9 10 
2 6 9 11 
3 2 4 5 
3 2 6 7 
3 2 6 8 
3 2 6 9 
4 2 6 7 
4 2 6 8 
4 2 6 9 
6 2 4 5 
7 6 9 10 
7 6 9 11 
8 6 9 10 
8 6 9 11 
IMPROPER DIHEDRALS
6 10 9 11 
RINGS
NON_BONDED
0 10 
0 11 
1 5 
1 7 
1 8 
1 9 
1 10 
1 11 
3 10 
3 11 
4 10 
4 11 
10 5 
11 5 
7 5 
8 5 
9 5 
************************************************************
