GLU 15
13 28 0 34 1 23 0 33 33 0 33 33 1 24 24 
-0.516300 0.293600 0.039700 0.110500 0.536600 -0.581900 0.056000 -0.017300 -0.017300 0.013600 -0.042500 -0.042500 0.805400 -0.818800 -0.818800 
FIRST
1 1 2 
2 2 3 2 4 2 6 
3 5 7 8 9 
+ 10 11 12 13 14 
LAST 4
1 2 5 
2 2 0 2 3 2 6 
3 1 7 8 9 
+ 10 11 12 13 14 
BONDS
1 0 
2 0 
3 2 
4 2 
5 4 
6 2 
7 6 
8 6 
9 6 
10 9 
11 9 
12 9 
13 12 
14 12 
ANGLES
2 0 1 
3 2 0 
4 2 0 
4 2 3 
5 4 2 
6 2 0 
6 2 3 
6 2 4 
7 6 2 
8 6 2 
8 6 7 
9 6 2 
9 6 7 
9 6 8 
10 9 6 
11 9 6 
11 9 10 
12 9 6 
12 9 10 
12 9 11 
13 12 9 
14 12 9 
14 12 13 
DIHEDRALS
0 2 4 5 
0 2 6 7 
0 2 6 8 
0 2 6 9 
1 0 2 3 
1 0 2 4 
1 0 2 6 
2 6 9 10 
2 6 9 11 
2 6 9 12 
3 2 4 5 
3 2 6 7 
3 2 6 8 
3 2 6 9 
4 2 6 7 
4 2 6 8 
4 2 6 9 
6 2 4 5 
6 9 12 13 
6 9 12 14 
7 6 9 10 
7 6 9 11 
7 6 9 12 
8 6 9 10 
8 6 9 11 
8 6 9 12 
10 9 12 13 
10 9 12 14 
11 9 12 13 
11 9 12 14 
IMPROPER DIHEDRALS
9 13 12 14 
RINGS
NON_BONDED
0 10 
0 11 
0 12 
0 13 
0 14 
1 5 
1 7 
1 8 
1 9 
1 10 
1 11 
1 12 
1 13 
1 14 
2 13 
2 14 
3 10 
3 11 
3 12 
3 13 
3 14 
4 10 
4 11 
4 12 
4 13 
4 14 
7 13 
7 14 
8 13 
8 14 
10 5 
11 5 
12 5 
7 5 
8 5 
9 5 
5 13 
5 14 
************************************************************
