LYS 22
13 28 0 34 1 23 0 33 33 0 33 33 0 33 33 0 37 37 19 28 28 28 
-0.347900 0.274700 -0.240000 0.142600 0.734100 -0.589400 -0.009400 0.036200 0.036200 0.018700 0.010300 0.010300 -0.047900 0.062100 0.062100 -0.014300 0.113500 0.113500 -0.385400 0.340000 0.340000 0.340000 
FIRST
1 1 2 
2 2 3 2 4 2 6 
3 5 7 8 9 
+ 10 11 12 13 14 15 16 17 18 19 20 21 
LAST 4
1 2 5 
2 2 0 2 3 2 6 
3 1 7 8 9 
+ 10 11 12 13 14 15 16 17 18 19 20 21 
BONDS
1 0 
2 0 
3 2 
4 2 
5 4 
6 2 
7 6 
8 6 
9 6 
10 9 
11 9 
12 9 
13 12 
14 12 
15 12 
16 15 
17 15 
18 15 
19 18 
20 18 
21 18 
ANGLES
2 0 1 
3 2 0 
4 2 0 
4 2 3 
5 4 2 
6 2 0 
6 2 3 
6 2 4 
7 6 2 
8 6 2 
8 6 7 
9 6 2 
9 6 7 
9 6 8 
10 9 6 
11 9 6 
11 9 10 
12 9 6 
12 9 10 
12 9 11 
13 12 9 
14 12 9 
14 12 13 
15 12 9 
15 12 13 
15 12 14 
16 15 12 
17 15 12 
17 15 16 
18 15 12 
18 15 16 
18 15 17 
19 18 15 
20 18 15 
20 18 19 
21 18 15 
21 18 19 
21 18 20 
DIHEDRALS
0 2 4 5 
0 2 6 7 
0 2 6 8 
0 2 6 9 
1 0 2 3 
1 0 2 4 
1 0 2 6 
2 6 9 10 
2 6 9 11 
2 6 9 12 
3 2 4 5 
3 2 6 7 
3 2 6 8 
3 2 6 9 
4 2 6 7 
4 2 6 8 
4 2 6 9 
6 2 4 5 
6 9 12 13 
6 9 12 14 
6 9 12 15 
7 6 9 10 
7 6 9 11 
7 6 9 12 
8 6 9 10 
8 6 9 11 
8 6 9 12 
9 12 15 16 
9 12 15 17 
9 12 15 18 
10 9 12 13 
10 9 12 14 
10 9 12 15 
11 9 12 13 
11 9 12 14 
11 9 12 15 
12 15 18 19 
12 15 18 20 
12 15 18 21 
13 12 15 16 
13 12 15 17 
13 12 15 18 
14 12 15 16 
14 12 15 17 
14 12 15 18 
16 15 18 19 
16 15 18 20 
16 15 18 21 
17 15 18 19 
17 15 18 20 
17 15 18 21 
IMPROPER DIHEDRALS
RINGS
NON_BONDED
0 10 
0 11 
0 12 
0 13 
0 14 
0 15 
0 16 
0 17 
0 18 
0 19 
0 20 
0 21 
1 5 
1 7 
1 8 
1 9 
1 10 
1 11 
1 12 
1 13 
1 14 
1 15 
1 16 
1 17 
1 18 
1 19 
1 20 
1 21 
2 13 
2 14 
2 15 
2 16 
2 17 
2 18 
2 19 
2 20 
2 21 
3 10 
3 11 
3 12 
3 13 
3 14 
3 15 
3 16 
3 17 
3 18 
3 19 
3 20 
3 21 
4 10 
4 11 
4 12 
4 13 
4 14 
4 15 
4 16 
4 17 
4 18 
4 19 
4 20 
4 21 
6 16 
6 17 
6 18 
6 19 
6 20 
6 21 
7 13 
7 14 
7 15 
7 16 
7 17 
7 18 
7 19 
7 20 
7 21 
8 13 
8 14 
8 15 
8 16 
8 17 
8 18 
8 19 
8 20 
8 21 
9 19 
9 20 
9 21 
10 16 
10 17 
10 18 
10 19 
10 20 
10 21 
11 16 
11 17 
11 18 
11 19 
11 20 
11 21 
13 19 
13 20 
13 21 
14 19 
14 20 
14 21 
10 5 
11 5 
12 5 
7 5 
8 5 
9 5 
5 13 
5 14 
5 15 
5 16 
5 17 
5 18 
5 19 
5 20 
5 21 
************************************************************
