PRO 14
13 0 34 1 23 0 33 33 0 34 34 0 33 33 
-0.254800 -0.026600 0.064100 0.589600 -0.574800 -0.007000 0.025300 0.025300 0.019200 0.039100 0.039100 0.018900 0.021300 0.021300 
FIRST
1 1 8 
2 1 2 1 3 1 5 8 11 8 9 8 10 
3 4 6 7 12 13 
+ 
LAST 3
1 1 4 
2 1 0 1 2 1 5 
3 8 11 6 7 
+ 9 10 12 13 
BONDS
1 0 
2 1 
3 1 
4 3 
5 1 
6 5 
7 5 
8 0 
9 8 
10 8 
11 5 
11 8 
12 11 
13 11 
ANGLES
2 1 0 
3 1 0 
3 1 2 
4 3 1 
5 1 0 
5 1 2 
5 1 3 
6 5 1 
7 5 1 
7 5 6 
8 0 1 
8 11 5 
9 8 0 
10 8 0 
10 8 9 
11 5 1 
11 5 6 
11 5 7 
11 8 0 
11 8 9 
11 8 10 
12 11 5 
12 11 8 
13 11 5 
13 11 8 
13 11 12 
DIHEDRALS
0 1 3 4 
0 1 5 6 
0 1 5 7 
0 8 11 12 
0 8 11 13 
1 0 8 9 
1 0 8 10 
1 5 11 12 
1 5 11 13 
2 1 0 8 
2 1 3 4 
2 1 5 6 
2 1 5 7 
2 1 5 11 
3 1 0 8 
3 1 5 6 
3 1 5 7 
3 1 5 11 
5 1 3 4 
6 5 11 8 
6 5 11 12 
6 5 11 13 
7 5 11 8 
7 5 11 12 
7 5 11 13 
9 8 11 5 
9 8 11 12 
9 8 11 13 
10 8 11 5 
10 8 11 12 
10 8 11 13 
IMPROPER DIHEDRALS
RINGS
0 1 5 11
0 8 11 5
1 0 8 11
1 5 11 8
5 1 0 8 
NON_BONDED
2 9 
2 10 
2 12 
2 13 
3 9 
3 10 
3 12 
3 13 
6 4 
6 9 
6 10 
7 4 
7 9 
7 10 
9 4 
10 4 
4 8 
4 11 
4 12 
4 13 
************************************************************

