SER 11
13 28 0 34 1 23 0 34 34 21 30 
-0.415700 0.271900 -0.024900 0.084300 0.597300 -0.567900 0.211700 0.035200 0.035200 -0.654600 0.427500 
FIRST
1 1 2 
2 2 3 2 4 2 6 
3 5 7 8 9 
+ 10 
LAST 4
1 2 5 
2 2 0 2 3 2 6 
3 1 7 8 9 
+ 10 
BONDS
1 0 
2 0 
3 2 
4 2 
5 4 
6 2 
7 6 
8 6 
9 6 
10 9 
ANGLES
2 0 1 
3 2 0 
4 2 0 
4 2 3 
5 4 2 
6 2 0 
6 2 3 
6 2 4 
7 6 2 
8 6 2 
8 6 7 
9 6 2 
9 6 7 
9 6 8 
10 9 6 
DIHEDRALS
0 2 4 5 
0 2 6 7 
0 2 6 8 
0 2 6 9 
1 0 2 3 
1 0 2 4 
1 0 2 6 
2 6 9 10 
3 2 4 5 
3 2 6 7 
3 2 6 8 
3 2 6 9 
4 2 6 7 
4 2 6 8 
4 2 6 9 
6 2 4 5 
7 6 9 10 
8 6 9 10 
IMPROPER DIHEDRALS
RINGS
NON_BONDED
0 10 
1 5 
1 7 
1 8 
1 9 
1 10 
3 10 
4 10 
10 5 
7 5 
8 5 
9 5 
************************************************************
