TRP 24
13 28 0 34 1 23 0 33 33 9 6 38 14 28 10 8 2 32 2 32 2 32 2 32 
-0.415700 0.271900 -0.027500 0.112300 0.597300 -0.567900 -0.005000 0.033900 0.033900 -0.141500 -0.163800 0.206200 -0.341800 0.341200 0.138000 0.124300 -0.238700 0.170000 -0.260100 0.157200 -0.197200 0.144700 -0.113400 0.141700 
FIRST
1 1 2 
2 2 3 2 4 2 6 
3 5 7 8 9 
+ 10 11 12 13 14 15 16 17 20 21 22 18 19 23 
LAST 4
1 2 5 
2 2 0 2 3 2 6 
3 1 7 8 9 
+ 10 11 12 13 14 15 16 17 20 21 22 18 19 23 
BONDS
1 0 
2 0 
3 2 
4 2 
5 4 
6 2 
7 6 
8 6 
9 6 
10 9 
11 10 
12 10 
13 12 
14 12 
15 9 
15 14 
16 15 
17 16 
18 14 
19 18 
20 16 
21 20 
22 18 
22 20 
23 22 
ANGLES
2 0 1 
3 2 0 
4 2 0 
4 2 3 
5 4 2 
6 2 0 
6 2 3 
6 2 4 
7 6 2 
8 6 2 
8 6 7 
9 6 2 
9 6 7 
9 6 8 
10 9 6 
11 10 9 
12 10 9 
12 10 11 
13 12 10 
14 12 10 
14 12 13 
14 15 9 
15 9 6 
15 9 10 
15 14 12 
16 15 9 
16 15 14 
17 16 15 
18 14 12 
18 14 15 
19 18 14 
20 16 15 
20 16 17 
20 22 18 
21 20 16 
22 18 14 
22 18 19 
22 20 16 
22 20 21 
23 22 18 
23 22 20 
DIHEDRALS
0 2 4 5 
0 2 6 7 
0 2 6 8 
0 2 6 9 
1 0 2 3 
1 0 2 4 
1 0 2 6 
2 6 9 10 
2 6 9 15 
3 2 4 5 
3 2 6 7 
3 2 6 8 
3 2 6 9 
4 2 6 7 
4 2 6 8 
4 2 6 9 
6 2 4 5 
6 9 10 11 
6 9 10 12 
6 9 15 14 
6 9 15 16 
7 6 9 10 
7 6 9 15 
8 6 9 10 
8 6 9 15 
9 10 12 13 
9 10 12 14 
9 15 14 12 
9 15 14 18 
9 15 16 17 
9 15 16 20 
10 12 14 18 
11 10 12 13 
11 10 12 14 
12 14 18 19 
12 14 18 22 
13 12 14 15 
13 12 14 18 
14 15 16 17 
14 15 16 20 
14 18 22 20 
14 18 22 23 
15 9 10 11 
15 14 18 19 
15 14 18 22 
15 16 20 21 
15 16 20 22 
16 15 14 12 
16 15 14 18 
16 20 22 18 
16 20 22 23 
17 16 20 21 
17 16 20 22 
19 18 22 20 
19 18 22 23 
21 20 22 18 
21 20 22 23 
IMPROPER DIHEDRALS
10 15 9 6 
15 20 16 17 
20 15 16 17 
14 22 18 19 
22 14 18 19 
16 22 20 21 
22 16 20 21 
18 20 22 23 
20 18 22 23 
RINGS
10 9 15 14 
10 9 15 16 
10 12 14 15 
10 15 9 6 
15 9 10 12 
NON_BONDED
0 10 
0 11 
0 12 
0 13 
0 14 
0 15 
0 16 
0 17 
0 20 
0 21 
0 22 
0 18 
0 19 
0 23 
1 5 
1 7 
1 8 
1 9 
1 10 
1 11 
1 12 
1 13 
1 14 
1 15 
1 16 
1 17 
1 20 
1 21 
1 22 
1 18 
1 19 
1 23 
2 11 
2 12 
2 13 
2 14 
2 16 
2 17 
2 20 
2 21 
2 22 
2 18 
2 19 
2 23 
3 10 
3 11 
3 12 
3 13 
3 14 
3 15 
3 16 
3 17 
3 20 
3 21 
3 22 
3 18 
3 19 
3 23 
4 10 
4 11 
4 12 
4 13 
4 14 
4 15 
4 16 
4 17 
4 20 
4 21 
4 22 
4 18 
4 19 
4 23 
6 13 
6 17 
6 20 
6 21 
6 22 
6 18 
6 19 
6 23 
7 11 
7 12 
7 13 
7 14 
7 5 
7 16 
7 17 
7 20 
7 21 
7 22 
7 18 
7 19 
7 23 
8 11 
8 12 
8 13 
8 14 
8 5 
8 16 
8 17 
8 20 
8 21 
8 22 
8 18 
8 19 
8 23 
9 5 
9 19 
9 22 
9 21 
9 23 
10 5 
10 19 
10 22 
10 20 
10 17 
10 21 
10 23 
11 5 
11 18 
11 19 
11 22 
11 20 
11 16 
11 17 
11 21 
11 23 
12 20 
12 5 
12 23 
12 17 
12 21 
13 5 
13 16 
13 17 
13 20 
13 21 
13 22 
13 19 
13 23 
14 21 
14 5 
15 5 
15 23 
16 5 
16 19 
17 18 
17 5 
17 23 
17 19 
19 5 
19 21 
21 5 
5 20 
5 22 
5 18 
5 23 
************************************************************
