TYR 21
13 28 0 34 1 23 0 33 33 2 2 32 2 32 2 32 2 32 1 21 30 
-0.415700 0.271900 -0.001400 0.087600 0.597300 -0.567900 -0.015200 0.029500 0.029500 -0.001100 -0.190600 0.169900 -0.190600 0.169900 -0.234100 0.165600 -0.234100 0.165600 0.322600 -0.557900 0.399200 
FIRST
1 1 2 
2 2 3 2 4 2 6 
3 5 7 8 9 
+ 10 11 14 15 18 16 12 13 17 19 20 
LAST 4
1 2 5 
2 2 0 2 3 2 6 
3 1 7 8 9 
+ 10 11 14 15 18 16 12 13 17 19 20 
BONDS
1 0 
2 0 
3 2 
4 2 
5 4 
6 2 
7 6 
8 6 
9 6 
10 9 
11 10 
12 9 
13 12 
14 10 
15 14 
16 12 
17 16 
18 14 
18 16 
19 18 
20 19 
ANGLES
2 0 1 
3 2 0 
4 2 0 
4 2 3 
5 4 2 
6 2 0 
6 2 3 
6 2 4 
7 6 2 
8 6 2 
8 6 7 
9 6 2 
9 6 7 
9 6 8 
10 9 6 
11 10 9 
12 9 6 
12 9 10 
13 12 9 
14 10 9 
14 10 11 
15 14 10 
16 12 9 
16 12 13 
16 18 14 
17 16 12 
18 14 10 
18 14 15 
18 16 12 
18 16 17 
19 18 14 
19 18 16 
20 19 18 
DIHEDRALS
0 2 4 5 
0 2 6 7 
0 2 6 8 
0 2 6 9 
1 0 2 3 
1 0 2 4 
1 0 2 6 
2 6 9 10 
2 6 9 12 
3 2 4 5 
3 2 6 7 
3 2 6 8 
3 2 6 9 
4 2 6 7 
4 2 6 8 
4 2 6 9 
6 2 4 5 
6 9 10 11 
6 9 10 14 
6 9 12 13 
6 9 12 16 
7 6 9 10 
7 6 9 12 
8 6 9 10 
8 6 9 12 
9 10 14 15 
9 10 14 18 
9 12 16 17 
10 9 12 13 
10 9 12 16 
10 14 18 19 
11 10 14 15 
11 10 14 18 
12 9 10 11 
12 16 18 14 
12 16 18 19 
13 12 16 17 
13 12 16 18 
14 18 19 20 
15 14 18 16 
15 14 18 19 
16 18 19 20 
17 16 18 14 
17 16 18 19 
IMPROPER DIHEDRALS
10 12 9 6 
12 10 9 6 
9 14 10 11 
14 9 10 11 
9 16 12 13 
16 9 12 13 
10 18 14 15 
18 10 14 15 
12 18 16 17 
18 12 16 17 
14 16 18 19 
16 14 18 19 
RINGS
9 12 16 18 
10 14 18 16 
12 9 10 14 
NON_BONDED
0 10 
0 11 
0 14 
0 15 
0 18 
0 16 
0 12 
0 13 
0 17 
0 19 
0 20 
1 5 
1 7 
1 8 
1 9 
1 10 
1 11 
1 14 
1 15 
1 18 
1 16 
1 12 
1 13 
1 17 
1 19 
1 20 
2 11 
2 14 
2 15 
2 18 
2 16 
2 13 
2 17 
2 19 
2 20 
3 10 
3 11 
3 14 
3 15 
3 18 
3 16 
3 12 
3 13 
3 17 
3 19 
3 20 
4 10 
4 11 
4 14 
4 15 
4 18 
4 16 
4 12 
4 13 
4 17 
4 19 
4 20 
6 15 
6 18 
6 17 
6 19 
6 20 
7 11 
7 14 
7 15 
7 18 
7 16 
7 5 
7 13 
7 17 
7 19 
7 20 
8 11 
8 14 
8 15 
8 18 
8 16 
8 5 
8 13 
8 17 
8 19 
8 20 
9 5 
9 19 
9 20 
10 17 
10 5 
10 20 
11 16 
11 5 
11 19 
11 20 
11 13 
11 17 
12 15 
12 5 
12 20 
13 14 
13 5 
13 19 
13 20 
13 15 
15 5 
15 17 
15 20 
17 5 
17 20 
5 14 
5 18 
5 16 
5 19 
5 20 
************************************************************
