4polyalanine.pred 1 5 1
  33.05243368   33.05695795 
  -0.22316163   -0.53159786   -0.00646882   -0.17788805 
   0.11294686    0.60925923    0.13776408    0.31013528 
   0.12592780   -1.14224740    0.58885478    0.15208216    0.25525711    0.33580501 
 -13.43719315    1.31811457   -4.99862646   -2.09473776    2.18765143   -0.34868691 
-109.18094668  153.23470020 
-150.93537167  134.21177792 
-143.23672072   93.64171875 
-136.96504475  150.70996626 

5polyalanine.pred 1 5 1
  31.51379361   31.88189395 
   0.00529219   -0.15979307    0.23619142   -0.00735383 
  -0.01841733   -0.01943146    0.03930748    0.01867835 
   7.27529706   -6.07034781   -0.66886762    1.07027128    0.18657949    1.19144691 
  -1.32960619    0.84851892   -0.56750996    0.58490876    0.21540337    1.25257718 
-144.65287086  145.41294727 
-143.33640649  144.77639059 
-143.41280287  144.25917992 
-143.33640649  144.77639059 
-144.65287086  145.41294727 

6polyalanine.pred 1 5 1
  32.43523475   32.88325703 
  -0.00146803   -0.17731887    0.24137971   -0.00153049 
   0.00237668   -0.00084040    0.00911564    0.00005161 
   7.76617542   -5.74097752   -0.97920406    1.11280688    0.18227382    1.27243957 
  -5.47364734    1.17972439   -0.41290132    0.68742334    0.19257644    2.02547720 
-144.69689634  144.11187864 
-144.14348264  143.96282007 
-144.02138656  143.52314303 
-144.00357156  143.85561838 
-144.24655649  143.71938823 
-144.42330482  144.17722346 

7polyalanine.pred 1 5 1
  26.96498680   28.36815641 
  -0.00223227   -0.16567206    0.24222109   -0.00208019 
   0.01233822   -0.00077083    0.02579402   -0.00053104 
   8.63346977   -6.75288570   -0.71537892    1.11127602    0.01318093    1.67513427 
  -4.71179989    0.58724898   -0.16058480    0.64907269    0.14630911    1.90634960 
-145.62125060  146.24907581 
-143.72802519  144.96956536 
-143.61288800  144.37332040 
-143.37926962  144.63302251 
-143.61288800  144.37332040 
-143.72802519  144.96956536 
-145.62125060  146.24907581 

8polyalanine.pred 1 5 1
  27.93928875   28.86808790 
  -0.00058360   -0.20368121    0.18941917   -0.00145939 
   0.00136355   -0.00039073    0.01063238    0.00009270 
  10.09876683   -4.42396837   -1.84570243    1.23572671   -0.05455616    1.96890665 
  -6.50492452    0.15362884    0.35747787    0.94513607   -0.09866431    2.77560451 
-143.27756376  139.73603096 
-142.75789687  139.55671938 
-142.70254947  139.18889619 
-142.48421697  139.31017272 
-142.58754661  139.07946923 
-142.57544360  139.39235494 
-142.93255519  139.40775010 
-143.03157678  139.80326604 

9polyalanine.pred 1 5 1
  22.47449189   22.80422227 
  -0.00061005   -0.18100407    0.21126375   -0.00093191 
   0.00301643   -0.00011578    0.01270990   -0.00029951 
  13.41673838   -5.65826889   -3.21090848    1.35157647   -0.39019107    2.28334356 
  -5.53374985   -0.03785387    0.33413793    0.87406792   -0.02950330    2.50875284 
-143.41857812  142.52266221 
-142.76333817  142.14043040 
-142.72494311  141.86471865 
-142.49090400  141.85746959 
-142.49373144  141.64540413 
-142.49090400  141.85746959 
-142.72494311  141.86471865 
-142.76333817  142.14043040 
-143.41857812  142.52266221 

10polyalanine.pred 1 5 1
  23.38558264   26.53954925 
  -0.00041266   -0.17666766    0.21073443   -0.00552594 
  -0.00104657   -0.00018897    0.01643426   -0.00026130 
  12.98909871   -5.94569947   -2.75991440    1.34313520   -0.34453066    2.23776954 
 -10.05130911   -3.16888834    1.38895345    0.79618584   -0.09323020    3.16163311 
-143.39692232  142.46747750 
-142.50692084  142.90053835 
-142.76955069  141.87577779 
-142.01436095  142.40388566 
-142.50067713  141.62219221 
-141.91584897  142.30455513 
-142.59030165  141.70672074 
-142.21138490  142.60254674 
-143.03842424  142.12936338 
-142.90096875  143.29786050 

11polyalanine.pred 1 5 1
  21.14592363   22.41607318 
   0.00051243   -0.16736026    0.12969406    0.01624572 
   0.00004489   -0.00164155    0.02635232    0.00074297 
  11.12960781   -4.94547443   -1.15752518    1.25365097   -0.42157266    2.64985961 
 -10.91332721   -0.00622989    0.54914885    0.86230232    0.06829064    2.85793405 
-137.68244069  140.26302123 
-138.97352389  137.75895085 
-136.68152347  139.32800428 
-138.18443850  137.10102362 
-136.18106485  138.86049580 
-137.92141003  136.88171454 
-136.18106485  138.86049580 
-138.18443850  137.10102362 
-136.68152347  139.32800428 
-138.97352389  137.75895085 
-137.68244069  140.26302123 

12polyalanine.pred 1 5 1
  36.43440165  252.27146910 
   0.00198126   -0.16153334   -0.16316268    0.06968880 
   0.00679064   -0.00221724    0.09396342    0.02235570 
   8.41519305   -1.32640357    0.14656145    1.39678025   -0.22958569    2.54097652 
  -8.00523562    6.80743467   -1.21747369    1.07250100    0.18060515    2.60988945 
-120.64622259  132.42931233 
-128.07201126  119.69091452 
-117.89776641  128.30768024 
-125.10884406  118.03095136 
-116.37084631  126.01788464 
-123.83891526  117.31953858 
-116.06546229  125.55992552 
-124.26222486  117.55667617 
-116.98161435  126.93380288 
-126.37877286  118.74236414 
-119.11930249  130.13951673 
-130.18855926  120.87660249 

4polyalanine.pred 2 5 1
  37.83422346   37.83949133 
  -0.00377833   -0.33841949   -0.14668230    0.03855081 
   0.03589852    0.41374230   -0.00246056    0.22841248 
   2.35438175   -4.70010642    1.70356516    0.57055019    0.23009677    0.21420146 
   1.00945766    3.10010584   -3.43441589   -0.48987226    0.08834022   -0.09427417 
 -93.68354538  152.90664404 
-131.98696432  111.14904309 
-124.68523868  118.49898820 
-120.59458223  118.63420098 

5polyalanine.pred 2 5 1
  37.22372432   37.32941026 
  -0.00330435   -0.23939855   -0.15136789    0.03768275 
  -0.01903496    0.18458372   -0.05605085    0.25385405 
   0.79397914   -3.64290751    1.03946346    0.47045524    0.10337767    0.11940672 
   0.55293438    4.35611074   -5.15431019   -0.67219204    0.16623739   -0.08719952 
 -93.27266407  140.39900320 
-127.85418383  114.11855695 
-122.69539774  119.58046936 
-127.85418383  114.11855695 
 -93.27266407  140.39900320 

6polyalanine.pred 2 5 1
  39.05274901   39.44755010 
   0.00055301   -0.17114630   -0.16360707    0.06831215 
  -0.00616653    0.00449817    0.00267868    0.00121428 
  -0.10346581   -1.04495615   -0.35285268    0.32514319    0.13962403    0.24603420 
  -4.87303765    7.27027452   -4.51641537    0.23933553    0.77253527    1.23286910 
-116.02251430  124.89318808 
-124.42898944  117.12454242 
-116.52856764  124.77082634 
-124.32702453  116.90215971 
-116.35988319  124.81161359 
-124.63291926  117.56930784 

7polyalanine.pred 2 5 1
  35.15142890   35.67828093 
   0.00676916   -0.27720026   -0.15167985    0.01789427 
  -0.04566181    0.25532746   -0.03810264    0.25587543 
  -0.34851945   -3.16650301    0.97246542    0.45169502    0.01108753    0.15107804 
  -1.29408593    7.50205605  -10.16646785   -0.46926017    0.89586466    0.37261898 
 -92.46525111  141.33050831 
-128.03565792  114.19240821 
-122.76668840  119.56124750 
-127.82921125  114.01386947 
-122.76668840  119.56124750 
-128.03565792  114.19240821 
 -92.46525111  141.33050831 

8polyalanine.pred 2 5 1
  37.35602099   38.13449378 
   0.00074703   -0.17076943   -0.16434264    0.07251728 
  -0.00577781    0.00196163    0.00423190    0.00020269 
  -1.29371853   -0.72214062   -0.53042798    0.31466290    0.06307408    0.30562397 
  -5.25743950    7.98235293   -4.08601075    0.77947667    0.67115851    1.80825657 
-116.04351488  125.03266108 
-124.72155234  116.94578471 
-116.21705032  125.00373647 
-124.49000875  116.61551800 
-116.25175740  124.99795155 
-124.56718994  116.72560690 
-116.14763614  125.01530631 
-124.95309594  117.27605141 

9polyalanine.pred 2 5 1
  35.39145805   39.03221578 
  -0.00066936   -0.24228352   -0.15636665    0.04896214 
   0.01819907    0.00316824    0.02894883    0.00394281 
  -2.72066881    0.66133849   -0.77634691    0.36272151   -0.02932791    0.20154207 
 -11.62510959    3.26766914    0.23748964    1.15188199    0.09212012    2.87031978 
-124.37294145  123.03480919 
-128.13776633  114.71354479 
-122.65248478  120.70320223 
-127.80761829  114.42777647 
-122.07899922  119.92599990 
-127.80761829  114.42777647 
-122.65248478  120.70320223 
-128.13776633  114.71354479 
-124.37294145  123.03480919 

10polyalanine.pred 2 5 1
  35.52044158   40.66045599 
   0.00174557   -0.18120711   -0.16106048    0.06168429 
  -0.00819683    0.00234981   -0.00131970   -0.00139677 
  -2.80139816    0.19034348   -1.09525884    0.26696057   -0.03801946    0.30910500 
 -12.47645809    8.76026917   -4.39772116    1.23556502    0.36828640    2.75301015 
-117.12021905  123.53312354 
-124.69705840  117.12347098 
-117.53493875  123.87233933 
-124.60848216  116.82288165 
-117.71267577  124.01771752 
-124.59076691  116.76276379 
-117.65343010  123.96925812 
-124.64391266  116.94311738 
-117.35720174  123.72696113 
-124.76791939  117.36394244 

11polyalanine.pred 2 5 1
  34.84982820   79.03735433 
   0.00442173   -0.16680179   -0.15270747    0.07988456 
  -0.03239853   -0.00033937   -0.03894922    0.00470579 
  -3.83591187    0.94322513   -1.75372566    0.20484095   -0.01819991    0.41084493 
  -9.40552031   11.42260928   -8.49952811    1.29209102    0.62312674    2.52628487 
-112.14574110  122.68611436 
-125.07603981  116.43786231 
-114.92212642  125.14227315 
-125.11744491  116.75677112 
-116.31031908  126.37035255 
-125.13124661  116.86307406 
-116.31031908  126.37035255 
-125.11744491  116.75677112 
-114.92212642  125.14227315 
-125.07603981  116.43786231 
-112.14574110  122.68611436 

12polyalanine.pred 2 5 1
  35.33577074  269.49307814 
   0.00412217   -0.15818352   -0.16479429    0.08312896 
  -0.03946086    0.00850531   -0.00030726    0.00661935 
  -3.58277098    0.88223891   -1.72110284    0.18817720    0.00740144    0.42034348 
  -4.66015168   12.07478379   -8.66221640    1.39337132    0.37969194    2.52729255 
-111.94935053  125.08189053 
-125.57738704  118.06968687 
-113.82082965  125.92206879 
-124.58915939  116.98143861 
-114.86054026  126.38883449 
-124.16563325  116.51504649 
-115.06848239  126.48218763 
-124.30680863  116.67051053 
-114.44465602  126.20212821 
-125.01268552  117.44783072 
-112.98906115  125.54865623 
-126.28326393  118.84700705 

4polyalanine.pred 3 5 1
  36.34339233   36.37505347 
  -0.19287002   -0.57055941    0.03764480   -0.12438520 
   0.03971688    0.50186913    0.12733970    0.37442777 
   1.51827469   -2.67498022    0.80452165    0.47738797    0.37997543    0.67187433 
  -5.54022136    4.19393652   -4.12239972   -0.93159692   -0.03021856    0.66151946 
-110.28716623  151.06860813 
-158.51793333  129.01276851 
-146.40847898   97.93105162 
-156.48999219  139.96589686 

5polyalanine.pred 3 5 1
  38.73235974   38.85579435 
  -0.00256478   -0.23725372   -0.15241673    0.05165043 
   0.02655481   -0.03582102   -0.01090818    0.03640501 
   7.38353413   -2.20332893   -0.86151616    1.30563518    0.23131254    1.81657952 
   0.82175190   -0.69883433    0.46720901   -0.43464047   -0.19056240   -0.16218381 
-122.61752455  121.41587417 
-128.46504858  113.28994792 
-121.75449907  120.48592817 
-128.46504858  113.28994792 
-122.61752455  121.41587417 

6polyalanine.pred 3 5 1
  39.42131846   39.45074387 
  -0.00186067   -0.24721009   -0.15599675   -0.04012323 
   0.00174961   -0.00035418    0.00568865   -0.00074349 
   6.29871063   -2.55090943    0.15780024    1.08212948    0.38046199    1.50549862 
   1.95256936   -0.41208428   -0.11051333   -0.31362885    0.21093771    0.16654321 
-127.90749487  114.85573835 
-123.10707446  119.39272895 
-127.43798536  114.50698113 
-123.04199132  119.31337031 
-127.59448853  114.62323354 
-123.23724074  119.55144623 

7polyalanine.pred 3 5 1
  36.69482085   36.77823671 
  -0.00171202   -0.24245757   -0.15619324   -0.04232011 
   0.00179387    0.00061500    0.00743683   -0.00115600 
   6.97696244   -0.78754294   -0.36098793    1.29173782    0.16205257    2.15242215 
   1.94596024   -0.41705905   -0.15215210   -0.30214217    0.22223426    0.17088338 
-127.82913113  115.13401873 
-122.71450809  119.87064045 
-127.33146263  114.69145626 
-122.61590951  119.68184566 
-127.33146263  114.69145626 
-122.71450809  119.87064045 
-127.82913113  115.13401873 

8polyalanine.pred 3 5 1
  37.36184923   37.70360439 
  -0.00145760   -0.23870418   -0.15498119   -0.04479974 
  -0.00144024    0.00080125    0.00370451   -0.00092353 
   6.68990117   -0.72142661   -0.23959337    1.27584253    0.20219535    2.12235296 
   3.19866115   -1.43230889    0.14239513   -0.25076989    0.29368143    0.11183091 
-127.41703550  114.91586659 
-122.41362639  120.29465418 
-127.30541164  114.81568122 
-122.31765103  120.10187291 
-127.28308687  114.79564414 
-122.34964281  120.16613333 
-127.35006118  114.85575536 
-122.50960175  120.48743546 

9polyalanine.pred 3 5 1
  34.65568074   35.16944143 
  -0.00181910   -0.24077993   -0.15583938   -0.04431218 
   0.00168113    0.00109672    0.01044464   -0.00138706 
   9.87674296    1.89021820   -3.66100117    1.58018022   -0.39407759    2.65860807 
   3.17238593   -1.44124053    0.15893908   -0.25306037    0.28748681    0.11542315 
-128.01280022  115.31037987 
-122.63444892  120.28100260 
-127.47925726  114.80178990 
-122.45454808  119.95879162 
-127.30140960  114.63225991 
-122.45454808  119.95879162 
-127.47925726  114.80178990 
-122.63444892  120.28100260 
-128.01280022  115.31037987 

10polyalanine.pred 3 5 1
  35.34780681   35.85504861 
  -0.00149444   -0.23809494   -0.15607713   -0.04633016 
  -0.00111036    0.00096134    0.00630386   -0.00128225 
   9.70597798    1.82818651   -3.50790499    1.58505937   -0.35565263    2.63295859 
   4.33923153   -2.88017602    0.76596257   -0.17955794    0.34363044    0.07246186 
-127.58412334  114.95463581 
-122.30959262  120.49049476 
-127.36568739  114.76162295 
-122.16329393  120.21723492 
-127.27207198  114.67890315 
-122.13403419  120.16258295 
-127.30327712  114.70647642 
-122.22181341  120.32653886 
-127.45930279  114.84434275 
-122.42663158  120.70910263 

11polyalanine.pred 3 5 1
  32.65712508   33.42608467 
  -0.00171185   -0.23700373   -0.15657891   -0.04517673 
   0.00019445    0.00076289    0.00831954   -0.00131017 
   7.85628411    4.02566200   -3.77268648    1.40285107   -0.74927323    3.25738521 
   4.31936750   -2.92620398    0.77901666   -0.17882456    0.34053995    0.06693966 
-127.61752902  115.21931699 
-122.33957278  120.50985272 
-127.28525874  114.92718315 
-122.17312987  120.22938326 
-127.11912359  114.78111624 
-122.11764890  120.13589344 
-127.11912359  114.78111624 
-122.17312987  120.22938326 
-127.28525874  114.92718315 
-122.33957278  120.50985272 
-127.61752902  115.21931699 

12polyalanine.pred 3 5 1
  34.34560639   37.18021766 
  -0.00025837   -0.18765331   -0.15940173   -0.04828591 
  -0.00242191    0.00110687   -0.00214401    0.00070007 
   8.17395492    1.79042203   -1.86193416    1.53856271   -0.13986209    2.57443221 
   4.89449707   -5.46100841    1.09181844   -0.00458491    0.42814136   -0.00027252 
-124.00533278  117.17575049 
-118.86197744  122.92285545 
-124.22260515  117.26981358 
-118.86539550  122.90469906 
-124.34331202  117.32207085 
-118.86686038  122.89691775 
-124.36745340  117.33252231 
-118.86637208  122.89951152 
-124.29502927  117.30116794 
-118.86393062  122.91248037 
-124.12603965  117.22800776 
-118.85953597  122.93582430 

4polyalanine.pred 4 5 1
  36.32629593   36.34592139 
   0.00572504   -0.51988052   -0.17188260    0.06487016 
  -0.20737521    0.53544832    0.22665020    0.23046174 
   3.24357686   -6.64940248   -0.38221750    1.06074036    0.35089043    0.29918999 
   0.49418419    2.03590738   -3.93000331   -1.01512757   -0.33976952   -0.08790988 
 -93.77100782  149.39748943 
-144.14906460  101.02478223 
-131.79681967  109.40834279 
-150.72095844  138.66235362 

5polyalanine.pred 4 5 1
  38.81191606   39.19130961 
  -0.00265425   -0.26390456   -0.14974181    0.04943385 
  -0.06675139    0.15002972   -0.10352328    0.22836433 
   0.87868408   -3.89695948    0.27193272    0.57133196    0.16497545    0.12000208 
   0.30771498    1.96159398   -1.30164431   -0.55118918   -0.17679411   -0.10756359 
 -92.12021415  130.90444532 
-130.12081450  111.97075581 
-123.55661582  118.98008250 
-130.12081450  111.97075581 
 -92.12021415  130.90444532 

6polyalanine.pred 4 5 1
  38.92014488   39.04093560 
   0.01080607   -0.29115586   -0.15041836    0.06675650 
  -0.05558696    0.00611909    0.02388936    0.00046497 
   0.30195390   -1.12028968   -0.54317832    0.51950583    0.30161833    0.11303355 
   1.04633856   -1.18749758    1.66380161   -0.44348779   -0.24676571   -0.16370219 
-122.66456391  117.70476910 
-132.79208090  112.01159353 
-124.77020610  119.08611270 
-131.43857662  110.45075689 
-124.06832537  118.62566484 
-135.49908946  115.13326681 

7polyalanine.pred 4 5 1
  37.04976696   37.79236889 
   0.01351145   -0.27195661   -0.14384864    0.04004158 
  -0.09907845    0.19667218   -0.09416207    0.19731063 
  -0.24461671   -3.09229164    0.25241013    0.50157550    0.07815754    0.16565330 
   1.07613746    0.85712165   -0.44805087   -0.45466639   -0.12712138   -0.21322256 
 -92.17456261  130.74616327 
-129.00156309  113.21668800 
-122.08160179  120.52244247 
-128.86011057  113.10775140 
-122.08160179  120.52244247 
-129.00156309  113.21668800 
 -92.17456261  130.74616327 

8polyalanine.pred 4 5 1
  37.38183634   37.98257846 
   0.00358567   -0.25283097   -0.15472808    0.06537821 
  -0.00542795    0.00326690    0.00937098    0.00270386 
  -1.19062679   -0.67351718   -0.38348387    0.46531517    0.11697675    0.20215831 
   1.91947371   -2.93881980    1.97067290   -0.33384924   -0.10829666   -0.30749471 
-121.96424980  121.16794424 
-129.57748410  113.14631670 
-122.05909085  120.70425599 
-129.17797912  112.71520997 
-122.07805906  120.61151834 
-129.31114745  112.85891221 
-122.02115443  120.88973129 
-129.97698908  113.57742344 

9polyalanine.pred 4 5 1
  37.12063560   38.47317629 
   0.00191676   -0.23764382   -0.15455488    0.06190860 
   0.00185781    0.00400700    0.00254310    0.00575310 
  -2.62509396    0.24167369   -0.69984259    0.38576072    0.00356945    0.24995785 
   2.05000865   -3.03960354    1.71785459   -0.31605402   -0.06675035   -0.31929392 
-121.01630723  121.99695887 
-128.27628538  113.83755726 
-121.24660136  121.38843503 
-128.20663117  113.86794721 
-121.32336607  121.18559375 
-128.20663117  113.86794721 
-121.24660136  121.38843503 
-128.27628538  113.83755726 
-121.01630723  121.99695887 

10polyalanine.pred 4 5 1
  35.73630801   36.55521478 
   0.00288407   -0.24699192   -0.15689840    0.06310811 
  -0.00231743    0.00308060    0.00977065    0.00353839 
  -2.57508462    0.27013500   -0.62774169    0.40214924    0.02337290    0.24251823 
   2.10236132   -4.61615622    2.96660233   -0.23948862   -0.04935169   -0.35602468 
-121.75919327  121.44614049 
-129.04740600  113.48082677 
-121.72614778  120.88871387 
-128.69243063  113.15175681 
-121.71198542  120.64981674 
-128.62143556  113.08594282 
-121.71670621  120.72944912 
-128.83442078  113.28338479 
-121.74031013  121.12761099 
-129.33138629  113.74408273 

11polyalanine.pred 4 5 1
  35.39767962   35.41347939 
   0.00213774   -0.23354845   -0.15563241    0.06357323 
  -0.00013741    0.00018192    0.00080183    0.00037298 
  -3.93778516    1.60690627   -1.31655154    0.30470175   -0.05124486    0.30237445 
   2.19043164   -4.76277827    2.80340915   -0.22579028   -0.02311844   -0.37136742 
-120.95054008  121.53640194 
-128.02570202  113.96405308 
-120.94652448  121.49169019 
-127.99461664  113.94347666 
-120.94451668  121.46933431 
-127.98425485  113.93661785 
-120.94451668  121.46933431 
-127.99461664  113.94347666 
-120.94652448  121.49169019 
-128.02570202  113.96405308 
-120.95054008  121.53640194 

12polyalanine.pred 4 5 1
  35.87312889   35.93469339 
  -0.00186280   -0.23247259   -0.15748621   -0.05798710 
  -0.00023124    0.00000419    0.00212018   -0.00099021 
  -3.12906473    4.61921576   -3.92655182    0.12841055   -0.41115482   -0.14777023 
   5.35563641   -4.54444037    1.40388005   -0.07418552    0.41469343    0.09006179 
-127.67681236  114.27959300 
-121.13276564  121.21448219 
-127.57879509  114.24880976 
-121.09678152  121.12576087 
-127.52434105  114.23170795 
-121.08135975  121.08773745 
-127.51345024  114.22828759 
-121.08650034  121.10041193 
-127.54612266  114.23854867 
-121.11220328  121.16378430 
-127.62235832  114.26249120 
-121.15846858  121.27785457 

