ALA 0 1 2 3 4 5 6 7 8 9 
TYR 0 1 2 3 4 5 6 7 8 9 10 11 12 13 14 15 16 17 18 19 20 
TYH 1 0 2 3 4 7 8 9 10 11 12 13 14 15 16 17 18 19 20 21 5 6 
TY2 0 1 2 3 4 7 8 9 10 11 12 13 14 15 16 17 18 19 20 21 5 6 
GLY 0 1 2 3 4 5 6 
PHE 0 1 2 3 4 5 6 7 8 9 10 11 12 13 14 15 16 17 18 19 
MET 0 1 2 3 4 5 6 7 8 9 10 11 12 13 14 15 16 
MEH 0 1 2 3 4 5 6 7 8 9 10 11 12 13 14 15 16 17 18 
NME 0 1 2 3 4 5 
ACE 0 1 2 3 4 5 
LEU 0 1 2 3 4 5 6 7 8 9 10 11 12 13 14 15 16 17 18 
CYA 0 1 2 3 4 5 8 9 10 11 12 6 7 
THR 0 1 2 3 4 5 6 7 8 9 10 11 12 13 
SER 0 1 2 3 4 5 6 7 8 9 10 
LYS 0 1 2 3 4 5 6 7 8 9 10 11 12 13 14 15 16 17 18 19 20 21 
GLU 0 1 2 3 4 5 6 7 8 9 10 11 12 13 14 
CYS 0 1 2 3 4 5 6 7 8 9 10 
CYX 0 1 2 3 4 5 6 7 8 9 
TRP 0 1 2 3 4 5 6 7 8 9 15 10 11 12 13 14 16 17 18 19 20 21 22 23 
VAL 0 1 2 3 4 5 6 7 8 9 10 11 12 13 14 15 
GLN 0 1 2 3 4 5 6 7 8 9 10 11 12 13 14 15 16 
ARG 0 1 2 3 4 5 6 7 8 9 10 11 12 13 14 15 16 17 18 19 20 21 22 23 
HID 0 1 2 3 4 5 12 13 9 6 7 8 14 10 11 15 16 
ASN 0 1 2 3 4 5 6 7 8 9 10 11 12 13 
ASP 0 1 2 3 4 5 6 7 8 9 10 11 
ILE 0 1 2 3 4 5 6 7 8 9 10 11 12 13 14 15 16 17 18 
PRO 0 1 2 8 9 10 5 6 7 11 12 13 3 4 
SEZ 0 1 2 3 7 8 9 10 11 4 5 6 

