HIE 17
13 28 0 34 1 23 0 33 33 4 6 38 15 14 28 7 39 
-0.415700 0.271900 -0.058100 0.136000 0.597300 -0.567900 -0.007400 0.036700 0.036700 0.186800 -0.220700 0.186200 -0.543200 -0.279500 0.333900 0.163500 0.143500 
FIRST
1 1 2 
2 2 3 2 4 2 6 
3 5 7 8 9 
+ 10 11 13 14 15 12 16 
LAST 4
1 2 5 
2 2 0 2 3 2 6 
3 1 7 8 9 
+ 10 11 13 14 15 12 16 
BONDS
1 0 
2 0 
3 2 
4 2 
5 4 
6 2 
7 6 
8 6 
9 6 
10 9 
11 10 
12 9 
13 10 
14 13 
15 12 
15 13 
16 15 
ANGLES
2 0 1 
3 2 0 
4 2 0 
4 2 3 
5 4 2 
6 2 0 
6 2 3 
6 2 4 
7 6 2 
8 6 2 
8 6 7 
9 6 2 
9 6 7 
9 6 8 
10 9 6 
11 10 9 
12 9 6 
12 9 10 
13 10 9 
13 10 11 
13 15 12 
14 13 10 
15 12 9 
15 13 10 
15 13 14 
16 15 12 
16 15 13 
DIHEDRALS
0 2 4 5 
0 2 6 7 
0 2 6 8 
0 2 6 9 
1 0 2 3 
1 0 2 4 
1 0 2 6 
2 6 9 10 
2 6 9 12 
3 2 4 5 
3 2 6 7 
3 2 6 8 
3 2 6 9 
4 2 6 7 
4 2 6 8 
4 2 6 9 
6 2 4 5 
6 9 10 11 
6 9 10 13 
6 9 12 15 
7 6 9 10 
7 6 9 12 
8 6 9 10 
8 6 9 12 
9 10 13 14 
9 12 15 16 
10 13 15 16 
11 10 13 14 
11 10 13 15 
12 9 10 11 
14 13 15 12 
14 13 15 16 
IMPROPER DIHEDRALS
12 10 9 6 
12 13 15 16 
13 12 15 16 
RINGS
9 10 13 15 
9 12 15 13 
10 9 12 15 
10 13 15 12 
12 9 10 13 
NON_BONDED
0 10 
0 11 
0 13 
0 14 
0 15 
0 12 
0 16 
1 5 
1 7 
1 8 
1 9 
1 10 
1 11 
1 13 
1 14 
1 15 
1 12 
1 16 
2 11 
2 13 
2 14 
2 15 
2 16 
3 10 
3 11 
3 13 
3 14 
3 15 
3 12 
3 16 
4 10 
4 11 
4 13 
4 14 
4 15 
4 12 
4 16 
6 14 
6 16 
7 11 
7 13 
7 14 
7 15 
7 5 
7 16 
8 11 
8 13 
8 14 
8 15 
8 5 
8 16 
9 5 
10 5 
11 5 
11 16 
12 5 
14 5 
5 13 
5 15 
5 16 
************************************************************
