HIP 18
13 28 0 34 1 23 0 33 33 4 6 38 14 28 14 28 7 39 
-0.347900 0.274700 -0.135400 0.121200 0.734100 -0.589400 -0.041400 0.081000 0.081000 -0.001200 -0.114100 0.231700 -0.151300 0.386600 -0.171800 0.391100 -0.017000 0.268100 
FIRST
1 1 2 
2 2 3 2 4 2 6 
3 5 7 8 9 
+ 10 11 14 15 16 12 13 17 
LAST 4
1 2 5 
2 2 0 2 3 2 6 
3 1 7 8 9 
+ 10 11 14 15 16 12 13 17 
BONDS
1 0 
2 0 
3 2 
4 2 
5 4 
6 2 
7 6 
8 6 
9 6 
10 9 
11 10 
12 9 
13 12 
14 10 
15 14 
16 12 
16 14 
17 16 
ANGLES
2 0 1 
3 2 0 
4 2 0 
4 2 3 
5 4 2 
6 2 0 
6 2 3 
6 2 4 
7 6 2 
8 6 2 
8 6 7 
9 6 2 
9 6 7 
9 6 8 
10 9 6 
11 10 9 
12 9 6 
12 9 10 
13 12 9 
14 10 9 
14 10 11 
14 16 12 
15 14 10 
16 12 9 
16 12 13 
16 14 10 
16 14 15 
17 16 12 
17 16 14 
DIHEDRALS
0 2 4 5 
0 2 6 7 
0 2 6 8 
0 2 6 9 
1 0 2 3 
1 0 2 4 
1 0 2 6 
2 6 9 10 
2 6 9 12 
3 2 4 5 
3 2 6 7 
3 2 6 8 
3 2 6 9 
4 2 6 7 
4 2 6 8 
4 2 6 9 
6 2 4 5 
6 9 10 11 
6 9 10 14 
6 9 12 13 
6 9 12 16 
7 6 9 10 
7 6 9 12 
8 6 9 10 
8 6 9 12 
9 10 14 15 
9 12 16 17 
10 9 12 13 
10 14 16 17 
11 10 14 15 
11 10 14 16 
12 9 10 11 
13 12 16 14 
13 12 16 17 
15 14 16 12 
15 14 16 17 
IMPROPER DIHEDRALS
12 10 9 6 
12 14 16 17 
14 12 16 17 
RINGS
9 10 14 16 
9 12 16 14 
10 9 12 16 
10 14 16 12 
12 9 10 14 
NON_BONDED
0 10 
0 11 
0 14 
0 15 
0 16 
0 12 
0 13 
0 17 
1 5 
1 7 
1 8 
1 9 
1 10 
1 11 
1 14 
1 15 
1 16 
1 12 
1 13 
1 17 
2 11 
2 14 
2 15 
2 16 
2 13 
2 17 
3 10 
3 11 
3 14 
3 15 
3 16 
3 12 
3 13 
3 17 
4 10 
4 11 
4 14 
4 15 
4 16 
4 12 
4 13 
4 17 
6 15 
6 17 
7 11 
7 14 
7 15 
7 16 
7 5 
7 13 
7 17 
8 11 
8 14 
8 15 
8 16 
8 5 
8 13 
8 17 
9 5 
10 5 
11 5 
11 17 
11 13 
12 5 
13 5 
13 15 
15 5 
5 14 
5 16 
5 17 
************************************************************
