LEU 19
13 28 0 34 1 23 0 33 33 0 33 0 33 33 33 0 33 33 33 
-0.415700 0.271900 -0.051800 0.092200 0.597300 -0.567900 -0.110200 0.045700 0.045700 0.353100 -0.036100 -0.412100 0.100000 0.100000 0.100000 -0.412100 0.100000 0.100000 0.100000 
FIRST
1 1 2 
2 2 3 2 4 2 6 
3 5 7 8 9 
+ 10 11 12 13 14 15 16 17 18 
LAST 4
1 2 5 
2 2 0 2 3 2 6 
3 1 7 8 9 
+ 10 11 12 13 14 15 16 17 18 
BONDS
1 0 
2 0 
3 2 
4 2 
5 4 
6 2 
7 6 
8 6 
9 6 
10 9 
11 9 
12 11 
13 11 
14 11 
15 9 
16 15 
17 15 
18 15 
ANGLES
2 0 1 
3 2 0 
4 2 0 
4 2 3 
5 4 2 
6 2 0 
6 2 3 
6 2 4 
7 6 2 
8 6 2 
8 6 7 
9 6 2 
9 6 7 
9 6 8 
10 9 6 
11 9 6 
11 9 10 
12 11 9 
13 11 9 
13 11 12 
14 11 9 
14 11 12 
14 11 13 
15 9 6 
15 9 10 
15 9 11 
16 15 9 
17 15 9 
17 15 16 
18 15 9 
18 15 16 
18 15 17 
DIHEDRALS
0 2 4 5 
0 2 6 7 
0 2 6 8 
0 2 6 9 
1 0 2 3 
1 0 2 4 
1 0 2 6 
2 6 9 10 
2 6 9 11 
2 6 9 15 
3 2 4 5 
3 2 6 7 
3 2 6 8 
3 2 6 9 
4 2 6 7 
4 2 6 8 
4 2 6 9 
6 2 4 5 
6 9 11 12 
6 9 11 13 
6 9 11 14 
6 9 15 16 
6 9 15 17 
6 9 15 18 
7 6 9 10 
7 6 9 11 
7 6 9 15 
8 6 9 10 
8 6 9 11 
8 6 9 15 
10 9 11 12 
10 9 11 13 
10 9 11 14 
10 9 15 16 
10 9 15 17 
10 9 15 18 
11 9 15 16 
11 9 15 17 
11 9 15 18 
15 9 11 12 
15 9 11 13 
15 9 11 14 
IMPROPER DIHEDRALS
RINGS
NON_BONDED
0 10 
0 11 
0 12 
0 13 
0 14 
0 15 
0 16 
0 17 
0 18 
1 5 
1 7 
1 8 
1 9 
1 10 
1 11 
1 12 
1 13 
1 14 
1 15 
1 16 
1 17 
1 18 
2 12 
2 13 
2 14 
2 16 
2 17 
2 18 
3 10 
3 11 
3 12 
3 13 
3 14 
3 15 
3 16 
3 17 
3 18 
4 10 
4 11 
4 12 
4 13 
4 14 
4 15 
4 16 
4 17 
4 18 
7 12 
7 13 
7 14 
7 16 
7 17 
7 18 
8 12 
8 13 
8 14 
8 16 
8 17 
8 18 
10 5 
11 5 
15 5 
7 5 
8 5 
9 5 
5 12 
5 13 
5 14 
5 16 
5 17 
5 18 
16 12 
16 13 
16 14 
17 12 
17 13 
17 14 
18 12 
18 13 
18 14 
************************************************************
