THR 14
13 28 0 34 1 23 0 34 21 30 0 33 33 33 
-0.415700 0.271900 -0.038900 0.100700 0.597300 -0.567900 0.365400 0.004300 -0.676100 0.410200 -0.243800 0.064200 0.064200 0.064200 
FIRST
1 1 2 
2 2 3 2 4 2 6 
3 5 7 8 10 
+ 9 11 12 13 
LAST 4
1 2 5 
2 2 0 2 3 2 6 
3 1 7 8 10 
+ 9 11 12 13 
BONDS
1 0 
2 0 
3 2 
4 2 
5 4 
6 2 
7 6 
8 6 
9 8 
10 6 
11 10 
12 10 
13 10 
ANGLES
2 0 1 
3 2 0 
4 2 0 
4 2 3 
5 4 2 
6 2 0 
6 2 3 
6 2 4 
7 6 2 
8 6 2 
8 6 7 
9 8 6 
10 6 2 
10 6 7 
10 6 8 
11 10 6 
12 10 6 
12 10 11 
13 10 6 
13 10 11 
13 10 12 
DIHEDRALS
0 2 4 5 
0 2 6 7 
0 2 6 8 
0 2 6 10 
1 0 2 3 
1 0 2 4 
1 0 2 6 
2 6 8 9 
2 6 10 11 
2 6 10 12 
2 6 10 13 
3 2 4 5 
3 2 6 7 
3 2 6 8 
3 2 6 10 
4 2 6 7 
4 2 6 8 
4 2 6 10 
6 2 4 5 
7 6 8 9 
7 6 10 11 
7 6 10 12 
7 6 10 13 
8 6 10 11 
8 6 10 12 
8 6 10 13 
10 6 8 9 
IMPROPER DIHEDRALS
RINGS
NON_BONDED
0 9 
0 11 
0 12 
0 13 
1 5 
1 7 
1 8 
1 9 
1 10 
1 11 
1 12 
1 13 
3 9 
3 11 
3 12 
3 13 
4 9 
4 11 
4 12 
4 13 
9 5 
11 5 
12 5 
13 5 
7 5 
8 5 
10 5 
11 9 
12 9 
13 9 
************************************************************
